street_fi,street_sv,lono,hino
Pyhäjärventie,,44,54
