zip_fi,zip_short_fi,zip_short_sv,zip_sv
Hyryoja,,,
